100
1	943
1	250
2	468
2	828
2	492
2	637
2	735
next 101	-1

101
3	465
3	334
3	656
3	351
4	742
4	588
5	955
next 102	-1

102
5	73
5	610
7	102
7	806
7	377
7	431
8	727
next 103	-1

103
8	338
8	468
8	422
9	107
9	484
9	894
10	725
next 104	-1

104
10	779
10	542
10	759
11	730
11	351
11	360
12	539
next 105	-1

105
12	309
12	837
13	383
14	869
14	169
14	1000
14	515
next 106	-1

106
14	344
15	501
15	21
16	575
16	452
18	539
18	307
next 107	-1

107
18	513
18	574
18	288
19	939
21	592
21	789
22	717
next 108	-1

108
22	712
22	746
22	725
22	589
23	154
23	758
23	947
next 109	-1

109
24	812
25	649
25	440
25	931
25	538
25	9
26	146
next 110	-1

110
26	910
27	324
27	291
27	31
28	437
28	300
28	645
next 111	-1

111
28	192
29	484
29	485
29	200
30	913
30	624
30	617
next 112	-1

112
30	703
31	843
31	830
31	151
31	618
32	605
32	53
next 113	-1

113
34	665
34	549
34	387
34	116
34	384
35	504
36	943
next 114	-1

114
36	895
36	768
36	42
36	486
37	36
37	841
37	22
next 115	-1

115
38	860
39	359
39	896
39	83
39	304
40	659
40	557
next 0	-1

