200
20	56
20	586
20	530
20	451
20	392
20	669
20	597
next: 201	 last: 0

201
21	628
21	8
21	939
21	315
22	997
22	287
22	171
next: 202	 last: 200

202
22	357
23	424
23	521
24	192
24	594
24	153
24	488
next: 203	 last: 201

203
24	351
24	486
25	264
25	23
25	100
25	143
25	325
next: 204	 last: 202

204
26	158
26	293
26	262
26	679
26	674
27	635
27	825
next: 205	 last: 203

205
27	433
27	830
27	761
27	362
27	697
27	760
28	356
next: 206	 last: 204

206
28	757
28	695
28	706
28	832
29	512
29	330
29	906
next: 207	 last: 205

207
29	636
29	143
30	619
30	61
30	809
30	87
31	180
next: 208	 last: 206

208
31	870
31	283
31	440
31	32
31	117
31	856
32	889
next: 209	 last: 207

209
32	390
32	88
32	929
32	764
32	541
32	973
33	623
next: 210	 last: 208

210
33	986
34	190
34	963
34	370
34	301
34	73
35	434
next: 211	 last: 209

211
35	178
35	548
35	217
35	113
35	512
36	126
36	475
next: 212	 last: 210

212
36	579
36	826
36	702
36	735
37	511
37	700
37	417
next: 213	 last: 211

213
37	695
37	735
38	160
38	878
39	875
40	513
40	271
next: 214	 last: 212

214
40	852
41	143
41	467
41	628
41	994
42	950
42	272
next: 215	 last: 213

215
42	23
42	849
42	642
42	463
42	590
43	417
43	556
next: 0	 last: 214

216
43	626
43	182
43	927
43	228
43	440
43	42
43	964
next: 217	 last: 215

217
43	871
44	772
44	925
44	484
45	54
45	314
45	71
next: 218	 last: 216

218
45	298
46	689
46	424
46	925
46	901
46	303
46	316
next: 219	 last: 217

219
46	611
46	91
47	201
47	658
47	481
47	975
47	526
next: 220	 last: 218

220
47	714
47	358
47	935
47	176
47	696
47	259
48	999
next: 221	 last: 219

221
48	427
48	155
48	946
48	551
48	467
48	327
48	429
next: 222	 last: 220

222
48	130
49	754
49	196
49	399
50	983
50	145
50	650
next: 223	 last: 221

223
50	834
50	625
50	485
50	110
50	759
50	444
51	477
next: 224	 last: 222

224
51	652
51	693
51	550
51	559
51	223
51	660
51	761
next: 225	 last: 223

225
51	758
52	799
52	713
52	735
52	415
52	489
53	647
next: 226	 last: 224

226
53	286
53	933
53	702
53	672
53	25
53	705
53	856
next: 227	 last: 225

227
53	549
53	933
54	626
54	465
54	261
55	790
55	973
next: 228	 last: 226

228
55	784
56	162
56	19
56	668
56	314
57	106
57	511
next: 229	 last: 227

229
57	385
57	146
57	741
58	282
58	521
58	201
58	535
next: 230	 last: 228

230
59	797
59	594
59	851
59	888
59	358
59	566
60	887
next: 231	 last: 229

231
60	758
60	438
60	361
60	109
60	963
60	933
60	606
next: 0	 last: 230

